Hardware,Num of Hardware,Framework,Model,Input Length,Output Length,Image Size,Batch Size,Text Tokens,Image Tokens,Multimodal Tokens,Avg Latency,Multimodal Token Throughput,Multimodal Request Throughput
Nvidia A100 GPU,1,vLLM,llava-hf/llava-1.5-7b-hf,128,128,128,1,256,16384,16640,0.6662776547794541,24974.573108726032,1.5008757877840162
Nvidia A100 GPU,1,vLLM,llava-hf/llava-1.5-7b-hf,256,256,128,1,512,16384,16896,0.5218509556725621,32377.060569381185,1.9162559522597766
Nvidia A100 GPU,1,vLLM,llava-hf/llava-1.5-7b-hf,512,512,128,1,1024,16384,17408,0.6787352006261548,25647.704707138466,1.4733286251802886
Nvidia A100 GPU,1,vLLM,llava-hf/llava-1.5-7b-hf,1024,1024,128,1,2048,16384,18432,0.8540252273281416,21582.500621984418,1.1709255979809254
Nvidia A100 GPU,1,vLLM,llava-hf/llava-1.5-7b-hf,128,128,256,1,256,65536,65792,0.46580666831384104,141243.1475877286,2.1468134056986963
Nvidia A100 GPU,1,vLLM,llava-hf/llava-1.5-7b-hf,256,256,256,1,512,65536,66048,0.5297112793972095,124686.79178430939,1.887820854292475
Nvidia A100 GPU,1,vLLM,llava-hf/llava-1.5-7b-hf,512,512,256,1,1024,65536,66560,0.603105567706128,110362.10501779405,1.6580845104836848
Nvidia A100 GPU,1,vLLM,llava-hf/llava-1.5-7b-hf,1024,1024,256,1,2048,65536,67584,0.7590404041111469,89038.73843071944,1.3174529242234767
Nvidia A100 GPU,1,vLLM,llava-hf/llava-1.5-7b-hf,128,128,512,1,256,262144,262400,0.694415444197754,377871.7800597683,1.4400601374228974
Nvidia A100 GPU,1,vLLM,llava-hf/llava-1.5-7b-hf,256,256,512,1,512,262144,262656,0.6964664595822493,377126.55991724983,1.4358193222970344
Nvidia A100 GPU,1,vLLM,llava-hf/llava-1.5-7b-hf,512,512,512,1,1024,262144,263168,0.5572438187276324,472267.23950190697,1.794546599517825
Nvidia A100 GPU,1,vLLM,llava-hf/llava-1.5-7b-hf,1024,1024,512,1,2048,262144,264192,0.6272527274365226,421189.0812810152,1.5942537294127574
Nvidia A100 GPU,1,vLLM,llava-hf/llava-1.5-7b-hf,128,128,1024,1,256,1048576,1048832,0.5578963148097197,1879976.569405594,1.79244776037115
Nvidia A100 GPU,1,vLLM,llava-hf/llava-1.5-7b-hf,256,256,1024,1,512,1048576,1049088,0.5932851247489452,1768269.5153429518,1.685530208469596
Nvidia A100 GPU,1,vLLM,llava-hf/llava-1.5-7b-hf,512,512,1024,1,1024,1048576,1049600,0.44811779260635376,2342241.2975286935,2.2315561142613314
Nvidia A100 GPU,1,vLLM,llava-hf/llava-1.5-7b-hf,1024,1024,1024,1,2048,1048576,1050624,0.5774696807687482,1819357.8554658869,1.731692646908777
Nvidia A100 GPU,1,vLLM,llava-hf/llava-1.5-7b-hf,128,128,128,16,4096,262144,266240,1.9007240592812498,140072.93625813178,8.41784472705119
Nvidia A100 GPU,1,vLLM,llava-hf/llava-1.5-7b-hf,256,256,128,16,8192,262144,270336,1.9697487854088347,137243.89729418716,8.12286323947604
Nvidia A100 GPU,1,vLLM,llava-hf/llava-1.5-7b-hf,512,512,128,16,16384,262144,278528,4.931451236829162,56479.9258116742,3.244481032380181
Nvidia A100 GPU,1,vLLM,llava-hf/llava-1.5-7b-hf,1024,1024,128,16,32768,262144,294912,2.6197232709576688,112573.72229708509,6.107515315597064
Nvidia A100 GPU,1,vLLM,llava-hf/llava-1.5-7b-hf,128,128,256,16,4096,1048576,1052672,1.8532620773961146,568010.3277562523,8.633425458357433
Nvidia A100 GPU,1,vLLM,llava-hf/llava-1.5-7b-hf,256,256,256,16,8192,1048576,1056768,3.849928238429129,274490.31113140663,4.155921619600997
Nvidia A100 GPU,1,vLLM,llava-hf/llava-1.5-7b-hf,512,512,256,16,16384,1048576,1064960,3.7078669238835573,287216.34887710016,4.315149472312202
Nvidia A100 GPU,1,vLLM,llava-hf/llava-1.5-7b-hf,1024,1024,256,16,32768,1048576,1081344,3.06386961042881,352934.079283047,5.222154345452282
Nvidia A100 GPU,1,vLLM,llava-hf/llava-1.5-7b-hf,128,128,512,16,4096,4194304,4198400,1.8706909896185,2244304.389821326,8.552989290477614
Nvidia A100 GPU,1,vLLM,llava-hf/llava-1.5-7b-hf,256,256,512,16,8192,4194304,4202496,2.6343500753864646,1595268.6164474497,6.073604320660673
Nvidia A100 GPU,1,vLLM,llava-hf/llava-1.5-7b-hf,512,512,512,16,16384,4194304,4210688,2.137749186096092,1969682.8923553284,7.4845075858589505
Nvidia A100 GPU,1,vLLM,llava-hf/llava-1.5-7b-hf,1024,1024,512,16,32768,4194304,4227072,2.640980294905603,1600569.3068418328,6.058356448498943
Nvidia A100 GPU,1,vLLM,llava-hf/llava-1.5-7b-hf,128,128,1024,16,4096,16777216,16781312,2.5198695805544653,6659595.452677152,6.349534961440109
Nvidia A100 GPU,1,vLLM,llava-hf/llava-1.5-7b-hf,256,256,1024,16,8192,16777216,16785408,2.1923320473482213,7656416.837177162,7.298164536413687
Nvidia A100 GPU,1,vLLM,llava-hf/llava-1.5-7b-hf,512,512,1024,16,16384,16777216,16793600,2.3558932912225523,7128336.441454543,6.79147907912971
Nvidia A100 GPU,1,vLLM,llava-hf/llava-1.5-7b-hf,1024,1024,1024,16,32768,16777216,16809984,2.772763577910761,6062537.799441989,5.770416247336811
Nvidia A100 GPU,1,vLLM,llava-hf/llava-1.5-7b-hf,128,128,128,32,8192,524288,532480,2.801931875757873,190040.30919059142,11.420691658088428
Nvidia A100 GPU,1,vLLM,llava-hf/llava-1.5-7b-hf,256,256,128,32,16384,524288,540672,3.1619765060022473,170991.7828211769,10.120252297654883
Nvidia A100 GPU,1,vLLM,llava-hf/llava-1.5-7b-hf,512,512,128,32,32768,524288,557056,3.6736862159644565,151634.07195182986,8.710596964144639
Nvidia A100 GPU,1,vLLM,llava-hf/llava-1.5-7b-hf,1024,1024,128,32,65536,524288,589824,7.629501616582274,77308.32623693952,4.194245130042292
Nvidia A100 GPU,1,vLLM,llava-hf/llava-1.5-7b-hf,128,128,256,32,8192,2097152,2105344,3.165578277160724,665074.0609353463,10.108737550695317
Nvidia A100 GPU,1,vLLM,llava-hf/llava-1.5-7b-hf,256,256,256,32,16384,2097152,2113536,5.153622964086632,410106.834498433,6.209224117284898
Nvidia A100 GPU,1,vLLM,llava-hf/llava-1.5-7b-hf,512,512,256,32,32768,2097152,2129920,3.603796170093119,591021.2174805005,8.879525503012326
Nvidia A100 GPU,1,vLLM,llava-hf/llava-1.5-7b-hf,1024,1024,256,32,65536,2097152,2162688,4.6360434250285225,466494.33616698586,6.902437502470789
Nvidia A100 GPU,1,vLLM,llava-hf/llava-1.5-7b-hf,128,128,512,32,8192,8388608,8396800,2.9538865626479187,2842627.779339283,10.833185134677144
Nvidia A100 GPU,1,vLLM,llava-hf/llava-1.5-7b-hf,256,256,512,32,16384,8388608,8404992,3.2891281777992845,2555385.9702797225,9.729021877587881
Nvidia A100 GPU,1,vLLM,llava-hf/llava-1.5-7b-hf,512,512,512,32,32768,8388608,8421376,3.711436314508319,2269034.219199755,8.621998948199458
Nvidia A100 GPU,1,vLLM,llava-hf/llava-1.5-7b-hf,1024,1024,512,32,65536,8388608,8454144,4.897096958942711,1726358.3038848508,6.53448364781996
Nvidia A100 GPU,1,vLLM,llava-hf/llava-1.5-7b-hf,128,128,1024,32,8192,33554432,33562624,3.3831653855741024,9920479.839121027,9.458597601065783
Nvidia A100 GPU,1,vLLM,llava-hf/llava-1.5-7b-hf,256,256,1024,32,16384,33554432,33570816,3.5172465393940606,9544629.761945397,9.0980258681306
Nvidia A100 GPU,1,vLLM,llava-hf/llava-1.5-7b-hf,512,512,1024,32,32768,33554432,33587200,6.761133616479735,4967687.6549420385,4.732934122467643
Nvidia A100 GPU,1,vLLM,llava-hf/llava-1.5-7b-hf,1024,1024,1024,32,65536,33554432,33619968,4.882282853436966,6886116.394574036,6.554310956701956
Nvidia A100 GPU,1,vLLM,llava-hf/llava-1.5-7b-hf,128,128,128,64,16384,1048576,1064960,5.238330901910861,203301.39885044668,12.217632142454727
Nvidia A100 GPU,1,vLLM,llava-hf/llava-1.5-7b-hf,256,256,128,64,32768,1048576,1081344,6.3897465753058595,169231.1247802874,10.016046684439358
Nvidia A100 GPU,1,vLLM,llava-hf/llava-1.5-7b-hf,512,512,128,64,65536,1048576,1114112,7.962277461464207,139923.7850466872,8.037901254979735
Nvidia A100 GPU,1,vLLM,llava-hf/llava-1.5-7b-hf,1024,1024,128,64,131072,1048576,1179648,9.527745154686272,123811.8758266518,6.71722416594248
Nvidia A100 GPU,1,vLLM,llava-hf/llava-1.5-7b-hf,128,128,256,64,16384,4194304,4210688,5.10558351719131,824722.1861755752,12.535295874507161
Nvidia A100 GPU,1,vLLM,llava-hf/llava-1.5-7b-hf,256,256,256,64,32768,4194304,4227072,5.785930193029344,730577.7738370585,11.061315616476781
Nvidia A100 GPU,1,vLLM,llava-hf/llava-1.5-7b-hf,512,512,256,64,65536,4194304,4259840,11.592406385578215,367468.13891027373,5.520855452377911
Nvidia A100 GPU,1,vLLM,llava-hf/llava-1.5-7b-hf,1024,1024,256,64,131072,4194304,4325376,9.059766185159484,477426.89067243936,7.064199968519759
Nvidia A100 GPU,1,vLLM,llava-hf/llava-1.5-7b-hf,128,128,512,64,16384,16777216,16793600,5.341743935520451,3143842.1988611827,11.981105940781946
Nvidia A100 GPU,1,vLLM,llava-hf/llava-1.5-7b-hf,256,256,512,64,32768,16777216,16809984,5.9004157728826,2848949.0651245443,10.846693260860382
Nvidia A100 GPU,1,vLLM,llava-hf/llava-1.5-7b-hf,512,512,512,64,65536,16777216,16842752,12.697985112977525,1326411.3833923512,5.040169714373903
Nvidia A100 GPU,1,vLLM,llava-hf/llava-1.5-7b-hf,1024,1024,512,64,131072,16777216,16908288,9.225651294303438,1832747.3541559456,6.937179604817502
Nvidia A100 GPU,1,vLLM,llava-hf/llava-1.5-7b-hf,128,128,1024,64,16384,67108864,67125248,5.504208376941581,12195259.227685383,11.627466770355388
Nvidia A100 GPU,1,vLLM,llava-hf/llava-1.5-7b-hf,256,256,1024,64,32768,67108864,67141632,6.732283018529415,9973085.180050299,9.506433378372737
Nvidia A100 GPU,1,vLLM,llava-hf/llava-1.5-7b-hf,512,512,1024,64,65536,67108864,67174400,7.276654773391783,9231494.7035324,8.795250289188642
Nvidia A100 GPU,1,vLLM,llava-hf/llava-1.5-7b-hf,1024,1024,1024,64,131072,67108864,67239936,15.338674354056517,4383686.259185593,4.17245966129233



Nvidia A100 GPU,1,vLLM,llava-hf/llava-1.5-7b-hf,128,128,128,1,256,16384,16640,0.6653471225872636,25009.50170986511,1.5029748623717014
Nvidia A100 GPU,1,vLLM,llava-hf/llava-1.5-7b-hf,256,256,128,1,512,16384,16896,0.5228185571419696,32317.13903263757,1.9127094597915228
Nvidia A100 GPU,1,vLLM,llava-hf/llava-1.5-7b-hf,512,512,128,1,1024,16384,17408,0.6789471246302128,25639.699128973014,1.4728687459198653
Nvidia A100 GPU,1,vLLM,llava-hf/llava-1.5-7b-hf,1024,1024,128,1,2048,16384,18432,0.8552676934438447,21551.147250495567,1.1692245687117822
Nvidia A100 GPU,1,vLLM,llava-hf/llava-1.5-7b-hf,128,128,256,1,256,65536,65792,0.4655997928542395,141305.90479149294,2.1477672785671955
Nvidia A100 GPU,1,vLLM,llava-hf/llava-1.5-7b-hf,256,256,256,1,512,65536,66048,0.5297417022908727,124679.6310624118,1.88771243735483
Nvidia A100 GPU,1,vLLM,llava-hf/llava-1.5-7b-hf,512,512,256,1,1024,65536,66560,0.6024001071540018,110491.34820785171,1.6600262651420028
Nvidia A100 GPU,1,vLLM,llava-hf/llava-1.5-7b-hf,1024,1024,256,1,2048,65536,67584,0.759111273723344,89030.42589330692,1.3173299285823112
Nvidia A100 GPU,1,vLLM,llava-hf/llava-1.5-7b-hf,128,128,512,1,256,262144,262400,0.6945240531737605,377812.68884916656,1.4398349422605432
Nvidia A100 GPU,1,vLLM,llava-hf/llava-1.5-7b-hf,256,256,512,1,512,262144,262656,0.6967524085193872,376971.7862305625,1.435230058443601
Nvidia A100 GPU,1,vLLM,llava-hf/llava-1.5-7b-hf,512,512,512,1,1024,262144,263168,0.5581552631532153,471496.0466614101,1.7916161792520748
Nvidia A100 GPU,1,vLLM,llava-hf/llava-1.5-7b-hf,1024,1024,512,1,2048,262144,264192,0.6272554621100426,421187.2450042555,1.5942467788739079
Nvidia A100 GPU,1,vLLM,llava-hf/llava-1.5-7b-hf,128,128,1024,1,256,1048576,1048832,0.5574314951275786,1881544.2061808065,1.7939424103963328
Nvidia A100 GPU,1,vLLM,llava-hf/llava-1.5-7b-hf,256,256,1024,1,512,1048576,1049088,0.5927356147828201,1769908.8325988115,1.6870928202389233
Nvidia A100 GPU,1,vLLM,llava-hf/llava-1.5-7b-hf,512,512,1024,1,1024,1048576,1049600,0.4489956401909391,2337661.897014521,2.227193118344627
Nvidia A100 GPU,1,vLLM,llava-hf/llava-1.5-7b-hf,1024,1024,1024,1,2048,1048576,1050624,0.5779330582978824,1817899.12328995,1.73030420330199
Nvidia A100 GPU,1,vLLM,llava-hf/llava-1.5-7b-hf,128,128,128,16,4096,262144,266240,1.9090561950579286,139461.58352448142,8.38110477911547
Nvidia A100 GPU,1,vLLM,llava-hf/llava-1.5-7b-hf,256,256,128,16,8192,262144,270336,1.9723213938996196,137064.8824457048,8.112268137174764
Nvidia A100 GPU,1,vLLM,llava-hf/llava-1.5-7b-hf,512,512,128,16,16384,262144,278528,4.940172693381707,56380.2152854172,3.238753175862661
Nvidia A100 GPU,1,vLLM,llava-hf/llava-1.5-7b-hf,1024,1024,128,16,32768,262144,294912,2.6380483781298003,111791.73302692533,6.065089682450376
Nvidia A100 GPU,1,vLLM,llava-hf/llava-1.5-7b-hf,128,128,256,16,4096,1048576,1052672,1.8658334737022717,564183.2536701361,8.575256165949297
Nvidia A100 GPU,1,vLLM,llava-hf/llava-1.5-7b-hf,256,256,256,16,8192,1048576,1056768,3.8688974557444453,273144.4842072349,4.135545121839192
Nvidia A100 GPU,1,vLLM,llava-hf/llava-1.5-7b-hf,512,512,256,16,16384,1048576,1064960,3.7254512263461947,285860.67439795187,4.294781766796151
Nvidia A100 GPU,1,vLLM,llava-hf/llava-1.5-7b-hf,1024,1024,256,16,32768,1048576,1081344,3.0885398746468127,350114.9552500617,5.180441454339218
Nvidia A100 GPU,1,vLLM,llava-hf/llava-1.5-7b-hf,128,128,512,16,4096,4194304,4198400,1.8900634587431948,2221301.078849354,8.465324233419794
Nvidia A100 GPU,1,vLLM,llava-hf/llava-1.5-7b-hf,256,256,512,16,8192,4194304,4202496,2.649881325662136,1585918.5689947477,6.038006247695646
Nvidia A100 GPU,1,vLLM,llava-hf/llava-1.5-7b-hf,512,512,512,16,16384,4194304,4210688,2.157822210652133,1951360.0236450685,7.4148833583303
Nvidia A100 GPU,1,vLLM,llava-hf/llava-1.5-7b-hf,1024,1024,512,16,32768,4194304,4227072,2.6547866966575384,1592245.4355078768,6.026849546950237
Nvidia A100 GPU,1,vLLM,llava-hf/llava-1.5-7b-hf,128,128,1024,16,4096,16777216,16781312,2.5385275627486408,6610647.938693131,6.302866368201133
Nvidia A100 GPU,1,vLLM,llava-hf/llava-1.5-7b-hf,256,256,1024,16,8192,16777216,16785408,2.212018701558312,7588275.808054922,7.233211902199741
Nvidia A100 GPU,1,vLLM,llava-hf/llava-1.5-7b-hf,512,512,1024,16,16384,16777216,16793600,2.377022159906725,7064974.102159395,6.731110996721984
Nvidia A100 GPU,1,vLLM,llava-hf/llava-1.5-7b-hf,1024,1024,1024,16,32768,16777216,16809984,2.793725564299772,6017049.138544611,5.7271194438206345
Nvidia A100 GPU,1,vLLM,llava-hf/llava-1.5-7b-hf,128,128,128,32,8192,524288,532480,2.8176849878703556,188977.83190535277,11.35684085969668
Nvidia A100 GPU,1,vLLM,llava-hf/llava-1.5-7b-hf,256,256,128,32,16384,524288,540672,3.179217273835093,170064.50123737118,10.065370575128503
Nvidia A100 GPU,1,vLLM,llava-hf/llava-1.5-7b-hf,512,512,128,32,32768,524288,557056,3.7003138698637486,150542.9051672613,8.647915048670802
Nvidia A100 GPU,1,vLLM,llava-hf/llava-1.5-7b-hf,1024,1024,128,32,65536,524288,589824,7.676359134105344,76836.42592742531,4.168642899708405
Nvidia A100 GPU,1,vLLM,llava-hf/llava-1.5-7b-hf,128,128,256,32,8192,2097152,2105344,3.1879668928061924,660403.3450757643,10.037745395728422
Nvidia A100 GPU,1,vLLM,llava-hf/llava-1.5-7b-hf,256,256,256,32,16384,2097152,2113536,5.1742764847973985,408469.8616724105,6.18443952386765
Nvidia A100 GPU,1,vLLM,llava-hf/llava-1.5-7b-hf,512,512,256,32,32768,2097152,2129920,3.6217831200920045,588086.014367943,8.835426898556836
Nvidia A100 GPU,1,vLLM,llava-hf/llava-1.5-7b-hf,1024,1024,256,32,65536,2097152,2162688,4.6692809839732945,463173.6679422695,6.853303562119281
Nvidia A100 GPU,1,vLLM,llava-hf/llava-1.5-7b-hf,128,128,512,32,8192,8388608,8396800,2.9643684746697545,2832576.338518593,10.79487933886659
Nvidia A100 GPU,1,vLLM,llava-hf/llava-1.5-7b-hf,256,256,512,32,16384,8388608,8404992,3.30103889045616,2546165.7008344247,9.693917903396171
Nvidia A100 GPU,1,vLLM,llava-hf/llava-1.5-7b-hf,512,512,512,32,32768,8388608,8421376,3.7402419998931387,2251559.1237787833,8.555596135467775
Nvidia A100 GPU,1,vLLM,llava-hf/llava-1.5-7b-hf,1024,1024,512,32,65536,8388608,8454144,4.935047508527835,1713082.5965486886,6.4842334232251115
Nvidia A100 GPU,1,vLLM,llava-hf/llava-1.5-7b-hf,128,128,1024,32,8192,33554432,33562624,3.4134747772477567,9832392.558957513,9.374611528783937
Nvidia A100 GPU,1,vLLM,llava-hf/llava-1.5-7b-hf,256,256,1024,32,16384,33554432,33570816,3.5307365719539425,9508162.196711719,9.063264661031027
Nvidia A100 GPU,1,vLLM,llava-hf/llava-1.5-7b-hf,512,512,1024,32,32768,33554432,33587200,6.7624872030379874,4966693.317350937,4.731986773390755
Nvidia A100 GPU,1,vLLM,llava-hf/llava-1.5-7b-hf,1024,1024,1024,32,65536,33554432,33619968,4.927179333443443,6823370.071351577,6.49458804610553
Nvidia A100 GPU,1,vLLM,llava-hf/llava-1.5-7b-hf,128,128,128,64,16384,1048576,1064960,5.265014987283696,202271.02915606883,12.155710886782984
Nvidia A100 GPU,1,vLLM,llava-hf/llava-1.5-7b-hf,256,256,128,64,32768,1048576,1081344,6.427858370356262,168227.72651415263,9.956659949938011
Nvidia A100 GPU,1,vLLM,llava-hf/llava-1.5-7b-hf,512,512,128,64,65536,1048576,1114112,8.019540608860552,138924.66593024676,7.980507004265094
Nvidia A100 GPU,1,vLLM,llava-hf/llava-1.5-7b-hf,1024,1024,128,64,131072,1048576,1179648,9.588855096604675,123022.82056777587,6.674415178373256
Nvidia A100 GPU,1,vLLM,llava-hf/llava-1.5-7b-hf,128,128,256,64,16384,4194304,4210688,5.133574519306421,820225.3584056068,12.46694671701129
Nvidia A100 GPU,1,vLLM,llava-hf/llava-1.5-7b-hf,256,256,256,64,32768,4194304,4227072,5.816702908836305,726712.721321652,11.002796773886445
Nvidia A100 GPU,1,vLLM,llava-hf/llava-1.5-7b-hf,512,512,256,64,65536,4194304,4259840,11.669554999563843,365038.76970109093,5.484356515941871
Nvidia A100 GPU,1,vLLM,llava-hf/llava-1.5-7b-hf,1024,1024,256,64,131072,4194304,4325376,9.148576143663377,472792.26101166644,6.995624127184932
Nvidia A100 GPU,1,vLLM,llava-hf/llava-1.5-7b-hf,128,128,512,64,16384,16777216,16793600,5.360595901651929,3132786.038735891,11.938971184206903
Nvidia A100 GPU,1,vLLM,llava-hf/llava-1.5-7b-hf,256,256,512,64,32768,16777216,16809984,5.924438130731384,2837397.1723669213,10.802712187678642
Nvidia A100 GPU,1,vLLM,llava-hf/llava-1.5-7b-hf,512,512,512,64,65536,16777216,16842752,12.759857548711201,1319979.6263949035,5.015729976269545
Nvidia A100 GPU,1,vLLM,llava-hf/llava-1.5-7b-hf,1024,1024,512,64,131072,16777216,16908288,9.304702200461179,1817176.6957960199,6.878242701505041
Nvidia A100 GPU,1,vLLM,llava-hf/llava-1.5-7b-hf,128,128,1024,64,16384,67108864,67125248,5.547776101933171,12099487.57243639,11.536154095638185
Nvidia A100 GPU,1,vLLM,llava-hf/llava-1.5-7b-hf,256,256,1024,64,32768,67108864,67141632,6.76489798957482,9925002.875648672,9.460600898731728
Nvidia A100 GPU,1,vLLM,llava-hf/llava-1.5-7b-hf,512,512,1024,64,65536,67108864,67174400,7.347189791345348,9142869.846526677,8.710813497071909
Nvidia A100 GPU,1,vLLM,llava-hf/llava-1.5-7b-hf,1024,1024,1024,64,131072,67108864,67239936,15.411942982735733,4362846.143106119,4.152623719909424


